3035716464
3035974303
3036086476
3035786328
3036065288
3035928299
3035927104
3036067377
3035698557
3035941071
3036086012
3036066971
3035782970
3036066517
3036063632
3035930541
3035787657
3036063371
3035785099
3035951868
3035845332
3036065848
3036064868
3035947441
3036066799
3035923627
3035662302
3035705154
3035683784
3036064703
3035930113
3035928079
3036066842
3035962465
3035974664
3036301278
3035927386
3035962764
3035983926
3036298691
3035789124
3036052205
3035921643
3035835571
3036095427
3035772391
3035859448
3035946095
3035941368
3035824950
3036069040
3035741330
3035778216
3036085654
3035930644
3035824273
3035928328
3035704825
3035435840
3035822029
3035666384
3035750018
3035973361
3036067468
3035929140
3036094722
3036104242
3035946198
3035974418
3036298976
3035940118
3035930709
3036225632
3035780075
3035604075
3035922350
3035890583
3035773096
3036094344
3036299578
3033121378
3035974755
3035550169
3035928067
3035918622
3035927116
3035845227
3035974391
3035964671
3035930060
3035928639
3035926447
3036063773
3036106240
3035974119
3036086567
3035930096
3036068503
3035926356
3035940120
3036066529
3036067066
3035801427
3036067949
3035781316
3035931222
3036066555
3035825710
3036109022
3036068618
3035788637
3036050922
3035790915
3035782372
3035949140
3036223165
3036063369
3035939705
3035926916
3035946071
3035918062
3035845710
3035988201
3035946760
