[Number of first marriages registered in HK by sex and age group]
Sex/Age group (years)	1995	2000	2005	2010	2015	2020
Male
16-19	289	232	220	175	155	31
20-24	4331	3076	3512	3737	3036	851
25-29	12523	9774	9662	12394	11990	6486
30-34	11051	7349	9759	12751	13028	9079
35-39	3966	3625	4448	6060	5553	4075		
40-44	1136	1189	2227	2445	2291	1385
45-49	398	436	1033	1151	1039	591
>= 50	386	493	1690	1068	1014	581
Female
16-19	1213	966	935	683	511	98
20-24	10066	6613	7972	8286	5805	1545
25-29	14618	11864 	13243	16935	16303	9151
30-34	6188	5018	7862	11141	11320	8437
35-39	1510	1568	2277	3701	3577	2700
40-44	381	359	650	1029	1295	811
45-49	116	124	184	340	446	391
>= 50	140	93	156	227	320	319